94203846578890283
23251725463866407
87725364261636967
20346165492948293
97430505231856157
75919391023220447
53721139980102731
68690304085907839
59112415289579173
65180129529319111
29681413557088823
46270898441302091
10325184951282217
17186266270911973
30268537923198371
93663922812269807
11624039947240183
68219883956000041
52719239822944193
84948066380693473
63874481632294967
23329016827002287
20431448720824951
95093343755822527
72809171242930321
65061431559594929
54586593283830019
82329174751528559
20874317392003091
96116108604268141
78386322201365197
38409088816336529
78969178782964231
77938294894352093
89521547863672699
68612504240573989
48550962041898193
50376551853852787
19749530408294411
23217160588722371
44190239204796497
15313895538902221
47474954288639219
28903521920122063
97139076827350013
96912017837509943
49507246585747073
67092705731222243
50529955417227791
69179729588589929
98680716187587253
52502618690778959
93810252558132403
47934654405799471
55610556622537471
27680747637592009
62401159642564357
96018507067449199
53168771368929509
34881919598971447
62094110090192419
24270648445481831
70609534064855183
37578260193329059
65071908302555351
19684463949195767
58331973514207873
28700456159035261
87166810399755941
70660397872534111
38525303474335511
64103468986793417
73383605415319153
54508017323249543
54021439721919533
85533406530456431
89954602142522431
74543143929499103
68645308605325931
34862129136097187
17794164196922413
73503630051628199
36779633871645389
75734411175967667
70180868575135349
41181182991516913
93025614452282821
28901740478018423
52344586517297167
10059982859596273
81141199121713061
44995067707593361
38006827018839661
36258289501139999
48558932828927617
17439075646413431
26548859728444217
84312181480759667
12443124302784163
97946389671013033
92135461047667909
71108181084331753
69555791623779691
11849186397254113
51139174973779561
61882825389471397
24204987834981367
66538525318562303
59812213500473827
81471224366582797
57873535720682567
91797030512609453
34542904514789269
12673253333073287
15993963798703739
84073789027831909
13024759290512861
12835945280863769
88504023941144359
22025529874823357
32030079736775797
74507028808114517
90174374698242293
68150252670327853
64010531406442037
35868292115319089
75693711109056037
23098648146180293
48033707248715107
75679740808850879
70178409266693423
34670275494034177
34259740455487123
98792808717780131
89830842937432423
38516418928537457
46879366515351299
83073533477814413
86506844705821511
81392198777934817
41549021082631681
13949041714356767
92374492973584169
60205283792229547
30443180159657569
92455617222727487
25486218882658747
59827390354197287
87635862593453267
86620427044903243
70204917425509327
94437524230126607
66034270048255307
61681592653435087
94791678761132699
15827189491194001
74286269653817951
56618728625062397
37844963729465513
32273749322049281
82127228484956791
84112303837780969
71571197121713801
10831167809077039
86322791394865681
45102561036142091
51271588535508617
24943029094777613
72167359738546637
92886261368717321
39500743296312743
63949409438819249
43655041467859799
82588595429519483
54099106768669201
56651251895272387
21228441184926683
85243595671669483
21376943952045377
43794743338659617
58385462764643191
32284715714358031
89008786839941333
10345429588357067
75276936280164259
69677593859730377
93021311673289927
96749577108385393
80409770266632847
67248199050315737
68861546384731117
30933508107635171
77941598989275773
34919232781996793
12720838500242599
85694443062133019
43933209457506277
82589645857408751
47057969358193303
36650336967418271
93172559328255497
10468228945565159
66833721805605301
30109786258002827
72692668678333849
16396186936283039
73587211430501477
95788768580305093
90286355388971207
20554145144478937
79868281788690371
27953021778532769
93629328153729787
48814052295489553
45432108322521029
49267603862642623
61177581357072571
90656110186052731
31825635963614033
85100112644216617
12359381093871289
86611111688313787
97618734778811327
52045884111531689
20377086126922687
15168083712419431
89268313691710567
97374071413459837
71298583791918517
18137824031844263
39400919432169949
87135231424844257
63993512721104951
99055073594783629
59786959252524611
25017647234868017
63159161705315861
23353025455531591
35984314485977113
74440370858542021
74655369525725069
65739910534626281
29634749948871541
12284953189874467
70310752092102407
29794853012517413
78288893745855007
82356964353058763
71104880190381017
62525298406921429
92624858878296923
98847357556103417
84963262337344631
63585541903557257
60762783610713187
35631728306263987
61432345764408907
53001602629015697
71116227681170851
65411041841163407
33861807790997999
40556671241414833
45382754801066407
38171998987998257
47861430811677157
18904861024243333
16717205557269169
11651080221417971
75700180484366201
89520986417592383
83094914629915477
65020332112351657
40210420858772669
75816108929050337
79034073214176659
92210161662698003
33125997336534449
37963269619139377
98106342549845429
87677665590853847
47112962925448501
64147652832862721
32615160126500717
69514452962856647
89253056328057109
80738136371685119
77461003717921639
21632736007083703
30025618460616001
91473764920531993
22355312258117551
35225982167245907
25758090066919409
61172655428827727
87299244793729951
80323018048535149
44819461194006991
50543329584070573
76429255752419743
78271591398138613
36860555071866431
47560433080726219
45959683117023307
69152422074664081
72573409140983243
99946651129862567
58905165599312341
26397253402304989
25583894183897171
17355586575784571
26408207128505221
79092001113944317
24157182657253439
60742681313046521
53137836531838931
50634255653879363
30998185772631433
95264468896444951
72399501092646043
82155466779039299
40075770775173103
54798870493247747
75643404923042849
11927458411186007
13246207302247693
57051923726381303
90282371283537211
87762036681936037
70621161062119919
37857972333398663
39841066321967293
18325762619693791
63334454062925963
27412409103924811
33601608089076121
35497425291173081
19311755714518081
60494387535865037
77580244614536611
16707442301527249
17195906292958933
18022255098460607
65725996463564999
57568737663751157
38834315724491557
93745958228481851
95421472862022833
50318889878083331
20282249291179949
10439553361019129
51402128464335251
19701271686568513
13143169974500459
20705875478782733
78346514623744223
69009087038676143
88686878477119631
51455489013934553
83904862242788281
32647219694497861
64707744925895641
75488641482008137
17784386947023847
60635777447334409
33836823723066523
17998051761931223
22641151698602443
59799765845536037
85526448689601533
72403629265657931
99256801302053987
94148954610787577
51321023094825481
56282683904473487
67769556165268883
24188081214526457
21312212256508939
67584186954391997
42701946506938219
34483128150103993
10469846491892639
48773931645794539
68696781563072849
19766963885104883
95020246494813751
14543972818264177
99768596029177969
75473488899482693
22750607801575309
51524488784192981
16711333240571209
14551962886179463
26021201800312259
23176543893897833
51930918152799563
33753097176462973
71811749454915263
62858863270243421
32817428989936159
18807632034125369
21759811540329043
25131389049433309
10510537086495001
52218697464393671
38087052098605943
56140866702261043
43350797748528857
79762088673793081
94837130023950607
78194582089175417
48656894079287393
74153866443274753
16211467308927923
94055375548321931
84737699636684987
55069471889545781
20709725229611879
81453194180006827
22387982771951627
32049166875975181
62290954204223021
40048056629082589
91346860700344477
77857984647780739
32805286729494593
55001852590786147
45494938412248817
37681447633748021
13699029987974857
58684658764762577
21271522746422171
86897820312246197
78887278219863601
32143785481643761
79514204419398977
48670786585639327
20238011303557913
39109368791143229
66434922500040407
27175765289329499
36399307681727953
10699471514818631
17312927407922621
70006767043522373
17569030238385011
30610612827026381
71496688348759019
60121837927790773
38080122778923661
52329250330201487
25915030592478031
33764223228114077
81908362942855583
23339795787190217
42099169328638067
10890762416178781
21175321508774113
43206376875566537
30445324765822039
45409191299841029
45606496004363093
99250930317940393
58259585450783351
84323137737974467
54907353715426591
23179413500917273
55127722160356187
38935458391584281
24134728401482441
79940672673668561
53500643635591849
81161258857402883
63655631115379301
24195223909546997
91283720907773621
67610764588266811
47513561205490271
78521755994587853
18767065063129963
55004746717809881
66095666201471009
23494237172549057
30801021871055119
15125698047595319
31955560635533173
87489153191402309
13623105025270207
57643141944286133
73950684335374523
43860591154851293
76409737218480647
14564370041273771
34970155469939531
32858161848316999
58732086408665039
86906508544154833
28180954787467177
53678685327095723
13317233364042473
58439720205217639
27782499654195743
81620724786562349
20656041923921501
36179074260304823
11346473806777777
26739990680082259
96201690486744659
91573748551631813
69611536579040507
80721385561020119
82400497220284741
81900853477117481
30726904008687373
82250247570908231
27091940152331711
90420371181492379
84593817614197459
79507099046976229
81609304836139273
11642290598364539
81180359518804363
98505710194594889
28187302182743491
69315277337687587
95776086597519931
91250939069884703
87448871200654333
43218715264733441
37990218856540543
23995968267884077
88569382026774359
29615953749052327
46428342890497559
12534411591606479
26190637554936467
40954997498139139
39622424166188581
40086571548462169
75865023607013231
18122578813178407
58913670165265427
40516417775299937
12051775202822219
78402517480532057
93591839727700603
94437560779627787
97304387598725063
80361693563233987
87884107106413757
48735612791194781
19655587488893911
90830816821336957
29047625046275833
80198013603001517
36604404051253321
50496095052789401
16524386514848647
40884193945075681
17321339379191807
19679107707461537
82143201836614351
15806978319302881
82863823019246947
37372053527528393
34048481359218671
65775365610040133
98560243151164073
88703592103074581
19946425313792959
78084684291701377
42764776477711163
95672824986749089
88482475437544933
66100922041175611
92453709484312357
70515982498626911
13854549736355509
90333078028067813
38039680102831963
68115666664499053
31945312934593283
96368284517987441
88611147705815407
75704995087991509
27586846001541287
16353088591406227
54978728906445781
15230923506923939
15233750879771059
11615001756427547
42129809061159241
16314770316132811
14270962610922691
25824162949822009
32566633106595713
77615836662677633
67075010654850389
76545630994153333
99252419182551139
31086962023004179
51239331366291989
41518335942350611
47772962150989337
17476915163918773
79840244064101981
95850167382189929
58313585806691797
18025176370193731
19703429812100191
37461733383361657
97063265123960027
10797590215106297
38599607100727957
19827427838146237
10572162327526711
70660327186820159
40479408434379413
67824361468584107
73820808178484131
79277450799860351
32645448439097111
37093146688727849
91252285041817787
49760132091632887
76740603132497267
29026397063408431
51447192753735223
99515621652375427
57542496488611997
71941097579704567
89185659836660333
39082154559248627
88857087641728459
84577491545000327
87542199260108753
43951739982547213
43041078576599507
37854692261107037
45747078827212481
63705169050287803
52731971569776617
19343400232953091
82492413725830049
35457325315597457
65727019119310429
57346682147168653
58725982057530841
97540472155589891
94984196221541293
43488091170557161
49234167061928311
49687404558680927
23126104572727421
35206233362015669
92677003680377443
14442089639636447
19325232926989463
46175108771292601
16485514453778207
77847011421641719
92040637674004133
76326247502066741
76334057540234597
66754599052939067
40451024681884651
31554758266107941
65051466816979207
97705527450854989
67625163662918423
30968810493560249
95031784790324267
80616191874502061
55686668766249841
20157772386328303
20624329141207147
96359853969916763
16873056191525953
94528514176555579
20437254972614273
45379906591117697
56580851625929093
42699845118752033
85532554781687407
82741164579721117
11716810595265499
41127311120663659
68094698941977133
54013954138843163
39967650109785397
84006417447339857
90656895698953187
43206915671314217
24548874691149769
39790132812088223
48819134951066071
31577483784827599
65470480117857377
98205367372917641
95808795036444803
34361066622892231
76220825345349301
65143416021550159
69855917769889061
55974584192062079
45103355872074749
64746120570532433
26493365448294541
93424926262204297
62753518670822191
58996522974335389
85554398613580361
57897325643734403
98324120077309691
29873773547446613
87106205261856191
86083090645846451
14384008094102237
10196621340344419
67407051208423247
68343430664425001
97513824646636141
61033634414419661
67140064667464091
95523573506090131
13327475833694597
39652498403805929
99819823943962483
27514692248809783
51031121133705701
59668934601270733
60512318343976627
92192923588474061
25151382124794463
88431411499805183
96685477840646377
88719016201559479
44181500511166699
15380809087289837
34214255810764951
60626070187818617
90045239802017551
33283660129376549
94459110989182487
62101462838178619
15530237269277161
49779110798197289
87868661996083393
89339569091347559
50659004629730131
38079409458433373
83123248383907937
95164205642747509
43792827922850509
22042312518529847
69529503829696727
78715749045466903
65618521459307471
58872678129904603
36885342026693057
75728282367928061
84866099960928061
53497919295380971
61573576183421677
97240987651394651
28649720361566203
68706567401817691
38424164397001441
25362565026147527
95858691965905331
19087290779667919
28523784084184439
75911275887079459
72106671291217373
93442287935347171
28636047425235121
15632167644202129
85102927149259993
76075260804191827
43921082779595599
58696028172549611
82763696305839337
60325212281884553
28942648489972883
77156495570797523
97468133516522383
29711908443574627
51628680593976491
59210105582486591
31763334884921957
34014949331793011
76639891545134563
94539048296807311
92914853236793773
25959653262615661
56507394397479121
60763784136212431
72572601768526933
35265557875758913
80464003125146167
34712290935565973
97751512909910501
73956362453900317
85085698005215533
56997130411290599
80292471400492963
22914029588141851
83926475232780629
90211818781206637
49788305856985841
85325954655115129
29099767107509759
93615891429609863
40457167883198377
98713563160109509
56293770896552081
10570194360512351
96207399154905299
29684591963328059
41833246183875749
71722439440311239
46964353294888453
86085667411594481
58952480817907337
80657052083500379
15747281130996929
33712155965388389
35593416427518259
18531121852921193
91115700598379273
66062529483634823
30964204758559999
59134269311183809
48053673857683009
41301383892109829
54889574105129359
36571264570311973
14822122808090369
35088045901932077
17436953858035697
75302003342747173
77722815373403579
95657647128835529
37370075732472781
54207129204105623
26519708044868069
30134781571480777
86590116238708727
63821540485353197
28385173264990537
74095510252622689
79570965933562549
16262094001010761
46288529169595201
98792979709975913
41563333333111039
86302728866352913
33685675212104963
78352422009898039
94982944328020381
22161792432646037
71314722830462171
76604080845035759
86605547787371213
64156301028328777
21357246341071331
55584502750302817
61233181186531309
31056225554649511
25782794659554577
97458800634618221
54934778188918037
59552567503513621
20067369048986531
53629589717555629
51792823088987909
56879213758810813
51324389913542623
25656563982869359
92797911188734457
43721178456562553
69357373896099533
92996060107932031
83320602854163317
38399365537897373
21368837821772761
95068080970232059
14916270624972337
21294561243912919
71929303099986217
16973747902089221
93948330603693947
40763302178833033
52270665653748677
71806935165174103
27586110485905429
71488327528358161
70864145452932017
14443681893747751
58090449303258187
86787218544211513
88717554126437711
12761471773009829
25632480402263177
88193244164779333
97905558768451669
50611868126251363
36238485404981287
16796941952046871
65557916401270903
71566059174645953
51546330559642687
88520403485147441
21302975920506961
17095578800850047
71579149384500803
29328863995049279
35853273876625589
98476692869459761
51242797233425257
48119615403832249
18254917526736437
39940429282632943
68375263733403821
73302650605461149
24883448355199879
43828217910559777
84758984619505793
72643030312042493
75593783509471501
85425191892444227
15110560169917507
40405691444740753
33870105003110191
74731089249216083
26202340767608309
97088410774464917
78956234735694317
11141179607277017
15278834894143729
31261931298023971
42390758969955017
95018384034733427
74287033690661657
96635826093938137
21737887781990357
26495493548018249
97303666774445011
86587966150844117
74683402801723993
48030086595025607
16699050571826537
65168335332860093
84055169904644357
16684945735040411
26748418514485739
15542236862578841
67089281798692817
18228023949005201
27985023008354791
27402926262068633
29844178248389383
32248705407393271
97777665088725331
99244900107439969
39842757686502983
98816207132217851
53933831501408429
12677929954833673
53792844527086747
68654735487542731
92355394100754979
83150076806392741
47042614521102371
70817896801240021
37110706781314343
82352322633129869
30501482597400733
76227370594769899
75333559332797071
53128096484213609
61559483492925709
19731493595305111
47643151022842759
28519484408733979
43466488805439389
76022764408893187
66842517273000109
44674391819318537
98236737991054211
46284749893675187
59001967613697907
47981975867965037
72505299199561691
59611798301293103
94878306764477311
17328143726276269
35739065877761957
70392522806915437
46145649344862791
69420363557619181